*************************************************
******************* ORCA 6.1.1 ******************
*************************************************
$Calculation_Status
   &GeometryIndex 1
   &version [&Type "String"] "6.1.1"
   &progName [&Type "String"] "LeanSCF"
   &Status [&Type "String"] "NORMAL TERMINATION"
$End
$Geometry
   &GeometryIndex 1
   &NAtoms [&Type "Integer"] 29
   &NCorelessECP [&Type "Integer"] 0
   &NGhostAtoms [&Type "Integer"] 0
   &CartesianCoordinates [&Type "Coordinates", &Dim(29,4), &Units "Bohr"] 
              C     -7.958798931515    0.464572162489    1.510764234477
              C     -6.967590331120   -1.581279365164   -0.270837439240
              C     -4.067338816262   -1.698064440241   -0.340050548621
              C     -2.889795660158    0.628966997784   -1.626336105375
              C     -0.049809401438    0.303078056811   -2.139657532941
              C      1.532503643922    0.307394191300    0.293750368614
              C      4.365305163881    0.228088054638   -0.310886405196
              C      5.945280618013    0.211144770121    2.113717262301
              C      8.703037333741    0.145183879417    1.496702782314
              O      9.822125591345   -1.942496736211    1.252053167839
              O     10.012369990425    2.392251556084    1.110894405087
              H     -7.147751151549    0.222352735822    3.431561245492
              H     -7.482714557418    2.373826726279    0.785816156625
              H    -10.047738104748    0.319201200185    1.645244705071
              H     -7.690792302024   -3.438768660967    0.392104944706
              H     -7.725793809476   -1.259591285387   -2.203424451604
              H     -3.336840612755   -1.892479464898    1.618622243297
              H     -3.515491542004   -3.423329598453   -1.405007601118
              H     -3.189751889396    2.339038757879   -0.445489707989
              H     -3.846082121598    0.948387406200   -3.470041738757
              H      0.574025100166    1.897910537807   -3.358192628343
              H      0.281487935731   -1.477608989457   -3.205772987559
              H      1.040613600440   -1.369017766898    1.458012529449
              H      1.108592718656    2.043075519963    1.400990043357
              H      4.879450512041    1.910936420048   -1.462213390644
              H      4.789197191885   -1.501614180537   -1.429107278504
              H      5.538418801927    1.936047100916    3.241507708751
              H      5.450735509313   -1.466425590197    3.278994206070
              H     11.873147409701    2.379216225212    0.661593119486
$End
$SCF_Mulliken_Population_Analysis
   &GeometryIndex 1
   &NAtoms [&Type "Integer"] 29
   &ATNO [&Type "ArrayOfIntegers", &Dim (29,1)] 
                                                         0

0                                                        6
1                                                        6
2                                                        6
3                                                        6
4                                                        6
5                                                        6
6                                                        6
7                                                        6
8                                                        6
9                                                        8
10                                                       8
11                                                       1
12                                                       1
13                                                       1
14                                                       1
15                                                       1
16                                                       1
17                                                       1
18                                                       1
19                                                       1
20                                                       1
21                                                       1
22                                                       1
23                                                       1
24                                                       1
25                                                       1
26                                                       1
27                                                       1
28                                                       1
   &AtomicCharges [&Type "ArrayOfDoubles", &Dim (29,1)] 
                                                         0

0                                     -1.1915716287062690e+00
1                                     -3.6512435844333879e-01
2                                     -2.6404667069865351e-01
3                                     -3.7869332751730678e-01
4                                     -4.5210879271583604e-01
5                                     -4.2870905763338651e-01
6                                     -7.0375232593651305e-01
7                                     -2.3712581820613199e-01
8                                      4.2948487610214059e-01
9                                     -5.4487398182765112e-01
10                                    -4.4443122358453202e-01
11                                     3.0419461066574094e-01
12                                     3.1453124464284543e-01
13                                     3.1578244099143882e-01
14                                     2.2901008812208767e-01
15                                     2.7577685048595502e-01
16                                     1.7942247927168253e-01
17                                     2.1184518685656828e-01
18                                     1.8445590792216804e-01
19                                     2.0525754473770497e-01
20                                     2.1852307993917641e-01
21                                     2.7540150257685814e-01
22                                     2.0043214800145581e-01
23                                     2.5324671355963935e-01
24                                     2.8482951565680903e-01
25                                     2.3415616708406739e-01
26                                     2.9747025599383714e-01
27                                     2.7368917241145274e-01
28                                     3.2292740024675737e-01
   &Method [&Type "String"] "SCF"
   &Level [&Type "String"] "Relaxed density"
   &Mult [&Type "Integer"] 1
   &State [&Type "Integer"] -1
   &Irrep [&Type "Integer"] 0
$End
$SCF_Loewdin_Population_Analysis
   &GeometryIndex 1
   &NAtoms [&Type "Integer"] 29
   &ATNO [&Type "ArrayOfIntegers", &Dim (29,1)] 
                                                         0

0                                                        6
1                                                        6
2                                                        6
3                                                        6
4                                                        6
5                                                        6
6                                                        6
7                                                        6
8                                                        6
9                                                        8
10                                                       8
11                                                       1
12                                                       1
13                                                       1
14                                                       1
15                                                       1
16                                                       1
17                                                       1
18                                                       1
19                                                       1
20                                                       1
21                                                       1
22                                                       1
23                                                       1
24                                                       1
25                                                       1
26                                                       1
27                                                       1
28                                                       1
   &AtomicCharges [&Type "ArrayOfDoubles", &Dim (29,1)] 
                                                         0

0                                     -1.3329966922121983e-01
1                                     -2.8827966157703866e-01
2                                     -2.3914854606380942e-01
3                                     -2.3054891330916583e-01
4                                     -2.3072877582113804e-01
5                                     -2.2865083981358403e-01
6                                     -2.1078223596487700e-01
7                                     -1.3897304371315577e-01
8                                     -4.7636913046725216e-01
9                                      5.1985783824367360e-02
10                                     6.3289575982985902e-02
11                                     7.9691963492577567e-02
12                                     7.0679202755767334e-02
13                                     7.2772962108969552e-02
14                                     1.0666874774456625e-01
15                                     1.1014014164951424e-01
16                                     1.1107607679724285e-01
17                                     1.1683317821657158e-01
18                                     1.1224594986593239e-01
19                                     1.1771514901036784e-01
20                                     1.1611081160124059e-01
21                                     1.2026294034161933e-01
22                                     1.1782439786152021e-01
23                                     1.2643794380263707e-01
24                                     1.2965521753969944e-01
25                                     1.3328490491130940e-01
26                                     1.3046105229436655e-01
27                                     1.3780291921018883e-01
28                                     1.5184189693858730e-01
   &Method [&Type "String"] "SCF"
   &Level [&Type "String"] "Relaxed density"
   &Mult [&Type "Integer"] 1
   &State [&Type "Integer"] -1
   &Irrep [&Type "Integer"] 0
$End
$SCF_Mayer_Population_Analysis
   &GeometryIndex 1
   &NAtoms [&Type "Integer"] 29 "Total number of atoms"
   &NBondOrdersPrint [&Type "Integer"] 35 "The number of bond orders larger than threshold"
   &bondThresh [&Type "Double"]       1.0000000000000001e-01  "The threshold for printing"
   &components [&Type "ArrayOfIntegers", &Dim (35,4)] "The indices and atomic numbers of the bonding atoms"
                                                         0                           1                           2                           3

0                                                        0                           6                           1                           6
1                                                        0                           6                           3                           6
2                                                        0                           6                          11                           1
3                                                        0                           6                          12                           1
4                                                        0                           6                          13                           1
5                                                        1                           6                           2                           6
6                                                        1                           6                           3                           6
7                                                        1                           6                          14                           1
8                                                        1                           6                          15                           1
9                                                        2                           6                           3                           6
10                                                       2                           6                           5                           6
11                                                       2                           6                          16                           1
12                                                       2                           6                          17                           1
13                                                       3                           6                           4                           6
14                                                       3                           6                          18                           1
15                                                       3                           6                          19                           1
16                                                       4                           6                           5                           6
17                                                       4                           6                           6                           6
18                                                       4                           6                          20                           1
19                                                       4                           6                          21                           1
20                                                       5                           6                           6                           6
21                                                       5                           6                           7                           6
22                                                       5                           6                          22                           1
23                                                       5                           6                          23                           1
24                                                       6                           6                           7                           6
25                                                       6                           6                           8                           6
26                                                       6                           6                          23                           1
27                                                       6                           6                          24                           1
28                                                       6                           6                          25                           1
29                                                       7                           6                           8                           6
30                                                       7                           6                          26                           1
31                                                       7                           6                          27                           1
32                                                       8                           6                           9                           8
33                                                       8                           6                          10                           8
34                                                      10                           8                          28                           1
   &BondOrders [&Type "ArrayOfDoubles", &Dim (35,1)] "The bond orders"
                                                         0

0                                      6.9383148431283137e-01
1                                      1.5258999373818091e-01
2                                      9.7182018768577072e-01
3                                      9.5906305809700942e-01
4                                      9.3479232600031614e-01
5                                      8.7955703598920609e-01
6                                      1.5498503603891628e-01
7                                      9.5412450645003233e-01
8                                      8.8345526943331276e-01
9                                      6.6061839639248099e-01
10                                     2.1585711947773578e-01
11                                     9.7129851878994733e-01
12                                     9.4648614523276242e-01
13                                     9.1511495753393923e-01
14                                     9.4677792253203152e-01
15                                     1.0063977924085123e+00
16                                     6.3453130118495915e-01
17                                     3.7648234074648962e-01
18                                     9.9167199429743969e-01
19                                     8.6028800887623924e-01
20                                     4.3496529152843894e-01
21                                     3.0073140049752001e-01
22                                     1.0064303182866898e+00
23                                     9.6412436094846188e-01
24                                     6.4949080377462998e-01
25                                     3.0806328782772840e-01
26                                    -1.0455728959551729e-01
27                                     9.2675588431948586e-01
28                                     9.5823686284409915e-01
29                                     8.1223133874808806e-01
30                                     9.0440530705955491e-01
31                                     9.1679764775789219e-01
32                                     1.5439908622928669e+00
33                                     8.9153660524845746e-01
34                                     8.0789312161573634e-01
   &ATNO [&Type "ArrayOfIntegers", &Dim (29,1)] "Atomic number of the elements"
                                                         0

0                                                        6
1                                                        6
2                                                        6
3                                                        6
4                                                        6
5                                                        6
6                                                        6
7                                                        6
8                                                        6
9                                                        8
10                                                       8
11                                                       1
12                                                       1
13                                                       1
14                                                       1
15                                                       1
16                                                       1
17                                                       1
18                                                       1
19                                                       1
20                                                       1
21                                                       1
22                                                       1
23                                                       1
24                                                       1
25                                                       1
26                                                       1
27                                                       1
28                                                       1
   &NA [&Type "ArrayOfDoubles", &Dim (29,1)] "Mulliken gross atomic population"
                                                         0

0                                      7.1915716287062379e+00
1                                      6.3651243584432811e+00
2                                      6.2640466706986553e+00
3                                      6.3786933275173050e+00
4                                      6.4521087927158511e+00
5                                      6.4287090576333821e+00
6                                      6.7037523259365024e+00
7                                      6.2371258182061435e+00
8                                      5.5705151238978301e+00
9                                      8.5448739818277399e+00
10                                     8.4444312235844876e+00
11                                     6.9580538933425595e-01
12                                     6.8546875535715646e-01
13                                     6.8421755900856296e-01
14                                     7.7098991187791122e-01
15                                     7.2422314951404543e-01
16                                     8.2057752072831436e-01
17                                     7.8815481314342806e-01
18                                     8.1554409207783352e-01
19                                     7.9474245526229681e-01
20                                     7.8147692006082203e-01
21                                     7.2459849742314253e-01
22                                     7.9956785199854397e-01
23                                     7.4675328644036132e-01
24                                     7.1517048434318775e-01
25                                     7.6584383291593394e-01
26                                     7.0252974400616308e-01
27                                     7.2631082758854482e-01
28                                     6.7707259975324119e-01
   &ZA [&Type "ArrayOfDoubles", &Dim (29,1)] "Total nuclear charge"
                                                         0

0                                      6.0000000000000000e+00
1                                      6.0000000000000000e+00
2                                      6.0000000000000000e+00
3                                      6.0000000000000000e+00
4                                      6.0000000000000000e+00
5                                      6.0000000000000000e+00
6                                      6.0000000000000000e+00
7                                      6.0000000000000000e+00
8                                      6.0000000000000000e+00
9                                      8.0000000000000000e+00
10                                     8.0000000000000000e+00
11                                     1.0000000000000000e+00
12                                     1.0000000000000000e+00
13                                     1.0000000000000000e+00
14                                     1.0000000000000000e+00
15                                     1.0000000000000000e+00
16                                     1.0000000000000000e+00
17                                     1.0000000000000000e+00
18                                     1.0000000000000000e+00
19                                     1.0000000000000000e+00
20                                     1.0000000000000000e+00
21                                     1.0000000000000000e+00
22                                     1.0000000000000000e+00
23                                     1.0000000000000000e+00
24                                     1.0000000000000000e+00
25                                     1.0000000000000000e+00
26                                     1.0000000000000000e+00
27                                     1.0000000000000000e+00
28                                     1.0000000000000000e+00
   &QA [&Type "ArrayOfDoubles", &Dim (29,1)] "Mulliken gross atomic charge"
                                                         0

0                                     -1.1915716287062379e+00
1                                     -3.6512435844328106e-01
2                                     -2.6404667069865528e-01
3                                     -3.7869332751730500e-01
4                                     -4.5210879271585114e-01
5                                     -4.2870905763338207e-01
6                                     -7.0375232593650239e-01
7                                     -2.3712581820614353e-01
8                                      4.2948487610216990e-01
9                                     -5.4487398182773994e-01
10                                    -4.4443122358448761e-01
11                                     3.0419461066574405e-01
12                                     3.1453124464284354e-01
13                                     3.1578244099143704e-01
14                                     2.2901008812208878e-01
15                                     2.7577685048595457e-01
16                                     1.7942247927168564e-01
17                                     2.1184518685657194e-01
18                                     1.8445590792216648e-01
19                                     2.0525754473770319e-01
20                                     2.1852307993917797e-01
21                                     2.7540150257685747e-01
22                                     2.0043214800145603e-01
23                                     2.5324671355963868e-01
24                                     2.8482951565681225e-01
25                                     2.3415616708406606e-01
26                                     2.9747025599383692e-01
27                                     2.7368917241145518e-01
28                                     3.2292740024675881e-01
   &VA [&Type "ArrayOfDoubles", &Dim (29,1)] "Mayer's total valence"
                                                         0

0                                      3.7852607294286225e+00
1                                      3.4456416680465529e+00
2                                      3.7406839716540370e+00
3                                      3.8189145242602023e+00
4                                      3.7910584609146625e+00
5                                      3.4987018592193877e+00
6                                      3.5506400937431173e+00
7                                      3.6974064936465876e+00
8                                      3.5808412115429853e+00
9                                      1.7567310933101938e+00
10                                     1.9205818049862189e+00
11                                     1.0114671413389811e+00
12                                     9.8971234090347138e-01
13                                     9.9611530538154591e-01
14                                     9.8788153591178840e-01
15                                     9.6416452914427664e-01
16                                     9.5824796601517248e-01
17                                     9.0152923718356270e-01
18                                     1.0196243577215012e+00
19                                     9.0673379521519937e-01
20                                     9.4411593371073799e-01
21                                     9.5698223689528195e-01
22                                     9.5273498789247135e-01
23                                     8.1904984031830019e-01
24                                     8.5052725595852663e-01
25                                     9.1563464747099155e-01
26                                     8.5780464986388016e-01
27                                     9.2582588042255332e-01
28                                     9.1285512605891739e-01
   &BVA [&Type "ArrayOfDoubles", &Dim (29,1)] "Mayer's bonded valence"
                                                         0

0                                      3.7852607294290106e+00
1                                      3.4456416680468482e+00
2                                      3.7406839716536346e+00
3                                      3.8189145242610851e+00
4                                      3.7910584609153908e+00
5                                      3.4987018592197638e+00
6                                      3.5506400937436782e+00
7                                      3.6974064936460436e+00
8                                      3.5808412115428121e+00
9                                      1.7567310933099656e+00
10                                     1.9205818049862828e+00
11                                     1.0114671413390539e+00
12                                     9.8971234090350069e-01
13                                     9.9611530538152393e-01
14                                     9.8788153591180083e-01
15                                     9.6416452914441453e-01
16                                     9.5824796601505091e-01
17                                     9.0152923718343059e-01
18                                     1.0196243577216400e+00
19                                     9.0673379521548381e-01
20                                     9.4411593371085001e-01
21                                     9.5698223689542139e-01
22                                     9.5273498789250510e-01
23                                     8.1904984031845718e-01
24                                     8.5052725595851697e-01
25                                     9.1563464747108814e-01
26                                     8.5780464986368687e-01
27                                     9.2582588042245550e-01
28                                     9.1285512605888086e-01
   &FA [&Type "ArrayOfDoubles", &Dim (29,1)] "Mayer's free valence"
                                                         0

0                                      0.0000000000000000e+00
1                                      0.0000000000000000e+00
2                                      0.0000000000000000e+00
3                                      0.0000000000000000e+00
4                                      0.0000000000000000e+00
5                                      0.0000000000000000e+00
6                                      0.0000000000000000e+00
7                                      0.0000000000000000e+00
8                                      0.0000000000000000e+00
9                                      0.0000000000000000e+00
10                                     0.0000000000000000e+00
11                                     0.0000000000000000e+00
12                                     0.0000000000000000e+00
13                                     0.0000000000000000e+00
14                                     0.0000000000000000e+00
15                                     0.0000000000000000e+00
16                                     0.0000000000000000e+00
17                                     0.0000000000000000e+00
18                                     0.0000000000000000e+00
19                                     0.0000000000000000e+00
20                                     0.0000000000000000e+00
21                                     0.0000000000000000e+00
22                                     0.0000000000000000e+00
23                                     0.0000000000000000e+00
24                                     0.0000000000000000e+00
25                                     0.0000000000000000e+00
26                                     0.0000000000000000e+00
27                                     0.0000000000000000e+00
28                                     0.0000000000000000e+00
   &Method [&Type "String"] "SCF"
   &Level [&Type "String"] "Relaxed density"
   &Mult [&Type "Integer"] 1
   &State [&Type "Integer"] -1
   &Irrep [&Type "Integer"] 0
$End
$SCF_Energy
   &GeometryIndex 1
   &Method [&Type "String"] "SCF"
   &totalEnergy [&Type "ArrayOfDoubles", &Dim (1,1)] "Total energy of each state"
                                                         0

0                                     -5.0445323108911293e+02
   &Mult [&Type "ArrayOfIntegers", &Dim (1,1)] "Multiplicity of each state"
                                                         0

0                                                        1
$End
$DFT_Energy
   &GeometryIndex 1
   &nAlphaEl [&Type "Integer"] 44
   &nBetaEl [&Type "Integer"] 44
   &nTotalEl [&Type "Integer"] 88
   &finalEn [&Type "Double"]      -5.0445323108911293e+02  "No Van der Waals correction"
   &eExchange [&Type "Double"]      -6.9537952377170811e+01
   &eCorr [&Type "Double"]      -3.1458887833013942e+00
   &eXC [&Type "Double"]      -7.2683841160472198e+01
   &eCNL [&Type "Double"]       0.0000000000000000e+00
$End
$SCF_Timings
   &GeometryIndex 1
   &TOTAL [&Type "Double"]       7.7415479999999999e+00
   &PREP [&Type "Double"]       4.2696999999999999e-02
   &FOCK [&Type "Double"]       5.9281939999999995e+00
   &DENS [&Type "Double"]       6.1160000000004544e-03
   &ETOT [&Type "Double"]       1.4380000000002724e-03
   &POP [&Type "Double"]       1.2914000000000314e-02
   &TRAFO [&Type "Double"]       2.3361999999999661e-02
   &DIIS [&Type "Double"]       2.4020000000000152e-02
   &SOSCF [&Type "Double"]       3.5304000000000446e-02
   &XC [&Type "Double"]       5.5085839999999999e+00
   &FOCKSTART [&Type "Double"]       3.5969999999997671e-03
   &INT_BF [&Type "Double"]       1.2392140000000116e+00
   &INT_DENS [&Type "Double"]       1.1753539999999933e+00
   &INT_DENSIO [&Type "Double"]       3.0647352194000152e+04
   &INT_FUNC [&Type "Double"]       4.9626000000062009e-02
   &INT_POT [&Type "Double"]       2.9791649999999850e+00
   &INT_POTIO [&Type "Double"]       1.0249999999989656e-02
   &SPLITRIJ [&Type "Double"]       2.1081620000000001e+00
$End
$Single_Point_Data
   &GeometryIndex 1
   &FinalEnergy [&Type "Double"]      -5.0445323108911293e+02  "Final single point energy"
   &Converged [&Type "Boolean"] true
$End
$Calculation_Info
   &GeometryIndex 1
   &Mult [&Type "Integer"] 1
   &Charge [&Type "Integer"] 0
   &NumOfAtoms [&Type "Integer"] 29
   &NumOfElectrons [&Type "Integer"] 88
   &NumOfBasisFuncts [&Type "Integer"] 575
   &NumOfAuxCBasisFuncts [&Type "Integer"] 0
   &NumOfAuxJBasisFuncts [&Type "Integer"] 737
   &NumOfAuxJKBasisFuncts [&Type "Integer"] 0
   &NumOfCABSBasisFuncts [&Type "Integer"] 0
$End
$SCF_Dipole_Moment
   &GeometryIndex 1
   &dipoleMagnitude [&Type "Double", &Units "a.u."]       8.6709022008605485e-01
   &dipoleElecContrib [&Type "ArrayOfDoubles", &Dim (3,1)] "Electronic contribution"
                                                         0

0                                      2.4412557268180123e+01
1                                      1.5989723126484398e-01
2                                      2.1261460367873717e+00
   &dipoleNucContrib [&Type "ArrayOfDoubles", &Dim (3,1)] "Nuclear contribution"
                                                         0

0                                     -2.4960628623072132e+01
1                                      5.0756560937542283e-01
2                                     -2.2033250240840836e+00
   &dipoleTotal [&Type "ArrayOfDoubles", &Dim (3,1)] "Total"
                                                         0

0                                     -5.4807135489200931e-01
1                                      6.6746284064026684e-01
2                                     -7.7178987296711909e-02
   &doAtomicDipole [&Type "Boolean"] false
   &Method [&Type "String"] "SCF"
   &Level [&Type "String"] "Relaxed density"
   &Mult [&Type "Integer"] 1
   &State [&Type "Integer"] -1
   &Irrep [&Type "Integer"] 0
$End
$Calculation_Timings
   &GeometryIndex 1
   &GTOINT [&Type "Double"]       9.7057600000000011e-01
   &SCF [&Type "Double"]       8.0012470000000011e+00
   &PROP [&Type "Double"]       8.7409000000000958e-02
   &SUM [&Type "Double"]       9.0592320000000015e+00
$End
